18 16
37.6815180 -121.8936646
37.6815855 -121.8926105
37.6822613 -121.8916441
37.6817617 -121.8917269
37.6816344 -121.8912419
37.6813856 -121.8913558
37.6807030 -121.8904147
37.6808425 -121.8908941
37.6805952 -121.8914147
37.6809136 -121.8911588
37.6811416 -121.8917205
37.6800919 -121.8913751
37.6796919 -121.8924466
37.6801628 -121.8926604
37.6806625 -121.8924309
37.6807229 -121.8929952
37.6811130 -121.8930433
37.6815180 -121.8936646
37.6814695 -121.8934354
37.6817346 -121.8923366
37.6820057 -121.8918026
37.6815723 -121.8914061
37.6812009 -121.8912470
37.6808829 -121.8907372
37.6807847 -121.8911661
37.6810793 -121.8913980
37.6809256 -121.8917514
37.6801571 -121.8915545
37.6802019 -121.8919375
37.6799010 -121.8923366
37.6803941 -121.8924472
37.6807740 -121.8926684
37.6808722 -121.8929516
37.6814229 -121.8934263